20000
80
20
PROCESS_0 94 40869 886 1 1 42864
PROCESS_1 95 33697 1 1 1 33754
PROCESS_2 96 20189 344 1 1 21548
PROCESS_3 97 1769 798 1 1 4287
PROCESS_4 98 59319 1 1 3 59984
PROCESS_5 99 24615 1 1 1 24778
PROCESS_6 100 24912 182 1 1 26161
PROCESS_7 101 64784 1 1 1 65423
PROCESS_8 102 66012 1 1 3 66403
PROCESS_9 103 50206 1 2 1 50259
PROCESS_10 104 16112 1 2 1 16362
PROCESS_11 105 66035 613 1 1 67773
PROCESS_12 106 612 373 2 1 3398
PROCESS_13 107 36107 1 1 1 36293
PROCESS_14 108 69618 68 1 1 70176
PROCESS_15 109 16284 1 2 1 16638
PROCESS_16 110 43089 208 2 1 44438
PROCESS_17 111 570 1 1 1 1224
PROCESS_18 112 56749 1 1 1 56819
PROCESS_19 113 59029 1 1 1 59416
PROCESS_20 114 8607 1 2 1 8729
PROCESS_21 115 28811 1 2 3 29327
PROCESS_22 116 60319 276 1 1 61704
PROCESS_23 117 62969 1 1 1 63370
PROCESS_24 118 23051 885 1 1 26537
PROCESS_25 119 38543 1 1 1 38684
PROCESS_26 120 18322 341 1 1 19572
PROCESS_27 121 32593 1 1 1 33016
PROCESS_28 122 32811 1 1 1 33125
PROCESS_29 123 33724 1 1 3 33927
PROCESS_30 124 49099 1 1 1 49509
PROCESS_31 125 23912 1 2 1 24035
PROCESS_32 126 5353 569 1 1 7838
PROCESS_33 127 70152 1 1 1 70431
PROCESS_34 128 50872 1 2 1 51079
PROCESS_35 129 49141 1 1 2 49713
PROCESS_36 130 66797 140 2 1 67488
PROCESS_37 131 15399 1 1 1 15758
PROCESS_38 132 17730 34 1 3 17946
PROCESS_39 133 35782 110 1 1 36635
PROCESS_40 134 74568 102 1 1 75160
PROCESS_41 135 22239 1 1 1 22800
PROCESS_42 136 37439 14 1 1 38044
PROCESS_43 137 9679 192 1 1 10778
PROCESS_44 138 1062 484 2 1 4018
PROCESS_45 139 51757 2 1 1 51884
PROCESS_46 140 71596 1 3 1 71940
PROCESS_47 141 13726 1 3 1 14016
PROCESS_48 142 35685 551 1 1 37096
PROCESS_49 143 73459 1 2 1 73844
PROCESS_50 144 54162 200 1 1 55305
PROCESS_51 145 34222 27 1 1 34951
PROCESS_52 146 21992 694 1 3 23779
PROCESS_53 147 39904 353 1 1 41354
PROCESS_54 148 37287 1 4 1 37629
PROCESS_55 149 5161 582 1 1 7451
PROCESS_56 150 75595 1 1 1 76080
PROCESS_57 151 33936 618 1 1 35726
PROCESS_58 152 1546 1 1 1 2099
PROCESS_59 153 42390 1 1 2 42584
PROCESS_60 154 19466 1 2 1 19547
PROCESS_61 155 33238 912 1 1 36233
PROCESS_62 156 14021 974 1 1 17029
PROCESS_63 157 5478 1 1 1 6060
PROCESS_64 158 13435 443 1 1 15146
PROCESS_65 159 37239 1 2 1 37277
PROCESS_66 160 3604 652 1 1 5980
PROCESS_67 161 47465 309 1 2 48639
PROCESS_68 162 20849 245 1 1 21594
PROCESS_69 163 42556 164 1 2 43361
PROCESS_70 164 74092 1 1 1 74641
PROCESS_71 165 25796 184 1 1 26759
PROCESS_72 166 58713 723 1 1 62108
PROCESS_73 167 5221 1 2 3 5890
PROCESS_74 168 73497 1 1 1 74073
PROCESS_75 169 17031 1 1 1 17537
PROCESS_76 170 47441 1 1 1 47519
PROCESS_77 171 14128 1 1 1 14760
PROCESS_78 172 24621 1 1 2 24726
PROCESS_79 173 55089 1 1 1 55614
116 61257
133 71742
127 71499
114 12123
156 19511
130 74352
152 78024
116 69215
159 38173
149 57543
134 78635
150 78127
126 34318
124 53615
154 76965
136 42126
99 64476
157 10676
163 47754
159 73049